2822
373

3906
575

2197
316

2812
412

3167
487

3837
581

4706
710

2484
366

3709
575

2251
332

translate: completed segment 10/139
2397
350

2094
295

3474
561

3321
513

2281
317

2335
348

2246
325

2221
317

4511
742

4680
789

translate: completed segment 20/139
2857
430

3996
625

4516
733

4202
683

2152
302

2707
410

3851
602

5614
958

2397
345

4558
730

translate: completed segment 30/139
2739
421

2402
364

3781
600

5172
865

2793
425

2138
309

5246
842

2748
428

4904
806

5014
849

translate: completed segment 40/139
5759
974

2045
282

5044
820

3628
560

2897
460

5650
909

4183
680

9046
1653

7766
1356

8265
1457

translate: completed segment 50/139
2713
412

9722
1780

2446
362

2023
281

2054
289

3762
630

2040
283

2023
281

2048
286

7128
1241

translate: completed segment 60/139
2988
461

2349
344

2033
282

2624
385

2409
362

4415
716

2265
322

2269
322

5142
837

2285
316

translate: completed segment 70/139
3924
628

2051
284

2142
305

2324
338

2093
291

2154
304

2234
318

2081
292

2024
281

2039
282

translate: completed segment 80/139
2234
318

2063
288

2033
282

2504
383

2042
286

2032
282

2022
281

2280
331

2624
381

2202
304

translate: completed segment 90/139
2105
300

2847
434

2080
289

2167
307

10087
1791

8323
1404

9427
1646

9118
1612

8584
1532

2948
453

translate: completed segment 100/139
3484
570

7485
1282

2218
317

2181
316

2235
318

2357
342

7925
1369

2544
372

2184
312

2278
319

translate: completed segment 110/139
3264
529

7735
1355

2161
308

2213
321

3045
462

2389
355

2348
351

2050
290

2021
281

2080
294

translate: completed segment 120/139
2494
369

2237
328

7107
1215

2210
307

2239
324

2476
352

2996
453

2508
344

3216
486

2223
315

translate: completed segment 130/139
2720
414

2035
282

2962
425

2034
283

2021
281

2051
290

2053
290

2066
290

2088
292